1 1 4 4 3 0 
1 1 2 1 4 3 
2 0 1 2 4 3 
2 1 3 3 3 1 
3 1 0 1 1 1 
3 4 3 1 0 4 
4 2 0 3 0 2 
4 2 2 4 3 3 
5 3 2 3 2 3 
5 4 3 2 0 3 
6 4 1 0 2 2 
6 2 2 0 1 3 
7 1 1 1 3 4 
7 4 2 3 2 0 
8 4 1 4 1 4 
8 1 1 2 4 3 
9 3 1 1 0 0 
9 2 1 3 3 1 
10 0 4 3 2 3 
10 1 3 3 2 4 
11 1 4 1 2 2 
11 3 1 3 0 4 
12 3 2 0 0 3 
12 4 1 0 3 2 
13 2 0 2 1 2 
13 4 2 3 2 1 
14 0 3 2 2 2 
14 2 0 4 2 4 
15 3 1 2 3 4 
15 3 1 3 0 0 
16 2 2 0 0 1 
16 3 1 2 2 1 
17 4 3 2 1 1 
17 1 2 4 0 3 
18 4 1 4 3 4 
18 3 4 1 3 3 
19 0 2 0 3 2 
19 1 4 4 3 4 
20 1 4 2 4 3 
20 3 0 1 0 1 
21 1 1 2 0 3 
21 1 2 0 2 1 
22 0 4 1 4 1 
22 4 3 4 3 4 
23 0 2 2 0 4 
23 1 1 4 1 2 
24 0 3 3 2 2 
24 1 1 1 3 2 
25 2 0 1 0 4 
25 1 4 2 2 2 
26 4 3 0 2 4 
26 3 2 2 1 1 
27 1 3 0 3 0 
27 2 1 3 0 3 
28 0 0 0 0 3 
28 0 1 1 1 2 
29 2 1 0 0 1 
29 0 4 0 1 0 
30 0 1 3 0 4 
30 1 4 2 0 0 
31 0 2 4 4 2 
31 3 2 1 0 0 
32 0 3 2 1 3 
32 0 4 1 0 4 
33 1 4 4 3 3 
33 3 2 4 4 1 
34 1 4 1 0 4 
34 4 1 0 2 2 
35 0 1 1 0 3 
35 4 2 3 2 1 
36 0 2 1 0 2 
36 2 3 4 4 4 
37 1 1 4 3 2 
37 0 4 2 0 3 
38 2 1 2 4 2 
38 2 4 1 1 0 
39 2 4 1 4 4 
39 2 3 1 3 0 
40 0 2 1 1 0 
40 0 4 0 3 1 
41 0 4 3 3 4 
41 3 4 4 1 0 
42 1 3 2 1 4 
42 4 3 3 2 3 
43 2 0 2 4 4 
43 2 3 1 0 4 
44 0 2 4 0 4 
44 4 1 0 3 2 
45 1 3 2 4 0 
45 0 2 1 1 0 
46 2 0 3 4 0 
46 4 1 0 2 3 
47 2 2 4 0 3 
47 0 0 1 3 2 
48 4 1 1 2 3 
48 2 3 0 4 2 
49 0 4 2 0 0 
49 3 4 2 0 4 
50 4 0 2 2 0 
50 0 1 1 2 4 
